[3.00000000e+00 1.01000000e+02 6.40000000e+01 1.91500000e+03
 2.35709032e+01 7.30000000e+01 1.00000000e+00][   6.         302.         185.        1894.          15.9970792
   76.           0.       ][6.00000000e+00 4.02000000e+02 7.60000000e+01 4.84400000e+03
 2.15882871e+01 7.10000000e+01 1.00000000e+00][5.00000000e+00 6.80000000e+01 9.20000000e+01 4.97500000e+03
 1.89427941e+01 8.20000000e+01 1.00000000e+00][7.00000000e+00 3.64000000e+02 2.02000000e+02 3.29800000e+03
 1.00895416e+01 7.30000000e+01 1.00000000e+00][   6.          454.          189.         4284.           19.57195386
   77.            0.        ][5.00000000e+00 2.55000000e+02 9.90000000e+01 2.82200000e+03
 1.80290157e+01 7.60000000e+01 2.00000000e+00][   5.          403.          161.         2145.           18.64873488
   74.            0.        ][   3.          207.          124.         2601.            9.55636673
   76.            0.        ][6.00000000e+00 1.40000000e+02 1.64000000e+02 3.92100000e+03
 1.97915846e+01 8.10000000e+01 1.00000000e+00]